100000001DAF607 SIMPLESNACION20140724029998011730300284777         2014070310420140725                                                                                                                                                                                                                                                                                                                                                                                                                              
2000000022014072320140620            00000000000000000000000000000000000001960085400013700000000000M2014050000000000000033600000000000000034000000000000000030000000000     0020070801000000000000000000000000000000000025746794722412              1043456                                                                                                                                                                                                            98897901071420400794098                      
2000000032014072320140721            00000000000000000000000000000000000001192404800010200000000000M2014060000000000000050000000000000000003000000000000000000000000000     0020070801000000000000000000000000000000000004248794445356              1043456                                                                                                                                                                                                            98897907081420427628262                      
2000000042014072320140721            00000000000000000000000000000000000001372796400018800000000000M2014060000000000000050000000000000000003000000000000000000000000000     0020070801000000000000000000000000000000000004147794179338              1043456                                                                                                                                                                                                            98897907081420320837360                      
2000000052014072320140721            00000000000000000000000000000000000000878828600012300000000000M2014060000000000006487100000000000000429000000000000000000000000000     0020070801000000000000000000000000000000000146920000000306              1043456                                                                                                                                                                                                            98897901071420300571194                      
2000000062014072320140422            00000000000000000000000000000000000001869725400017600000000000M2014030000000000000050000000000000000100000000000000000130000000000     0020070801000000000000000000000000000000000005177000000399              1043456                                                                                                                                                                                                            98897907081420318760887                      
2000000072014072320140520            00000000000000000000000000000000000001869725400017600000000000M2014040000000000000050000000000000000100000000000000000090000000000     0020070801000000000000000000000000000000000005141000000400              1043456                                                                                                                                                                                                            98897907081420318760917                      
2000000082014072320140620            00000000000000000000000000000000000001869725400017600000000000M2014050000000000000050000000000000000051000000000000000050000000000     0020070801000000000000000000000000000000000004693000000392              1043456                                                                                                                                                                                                            98897907081420427056935                      
2000000092014072320140220            00000000000000000000000000000000000001869725400017600000000000M2014010000000000000050000000000000000100000000000000000210000000000     0020070801000000000000000000000000000000000005244000000395              1043456                                                                                                                                                                                                            98897907081420318753260                      
2000000102014072320140320            00000000000000000000000000000000000001869725400017600000000000M2014020000000000000050000000000000000100000000000000000180000000000     0020070801000000000000000000000000000000000005213000000397              1043456                                                                                                                                                                                                            98897907081420318760879                      
2000000112014072320140721            00000000000000000000000000000000000001869725400017600000000000M2014060000000000000050000000000000000003000000000000000000000000000     0020070801000000000000000000000000000000000004248000000394              1043456                                                                                                                                                                                                            98897907081420427056951                      
99999999900001200000000000070199                                                                                                                                                                                                                                                                                                                                                                                                                                                                                    
